%Skin Biopsy Data

%% Untreated Mice
Rag1 = [1734.9	4606.1	4255.6	5866.0	8419.2	1115.6	915.1	813.4	1905.9	7063.1	915.2	1245.8	1602.3	8424.4	1362.0	2523.7	1140.7	8686.8	12205.9	2051.1	3327.6	1340.7	980.6	173.5];
Rag2 = [5581.7	1476.5	756.9	2162.6	16668.0	422.8	1995.1	11084.2	2355.6	6956.3	221.8	2708.2	1839.7	1675.0	2105.4	737.8	249.1	2177.8	470.5	167.1	3667.1	1235.0	656.6	3548.2];
Rag3 = [505.5	173.2	1884.3	5646.4	1433.9	1635.7	800.3	1670.8	16082.9	3466.9	1376.7	524.0	1751.0	4847.2	3003.9	1316.0	1356.7	2526.7	2671.0	5941.0	7748.1	6120.4	3849.7	714.5];
Rag4 = [1082.3	841.0	787.7	680.5	1473.9	66.4	578.4	521.7	755.7	529.4	781.4	781.1	1660.2	1170.1	1677.1	567.9	1291.2	1171.7	1797.6	700.2	2031.9	1318.6	1630.4	1447.0];
Rag5 = [868.3	303.7	2543.6	248.4	12076.7	98.8	246.4	413.2	1042.1	685.7	792.8	1656.2	1659.3	717.2	2846.7	2748.0	623.6	564.2	917.4	2703.1	1084.0	1620.8	402.9	129.7];
Rag6 = [18815.3	61973.8	37314.1	2225.0	144193.4	28475.9	122334.3	15205.1	6420.3	4582.2	11234.9	47808.0	15934.2	3369.7	22128.1	5687.2	7504.0	1921.5	3141.7	1870.7	34220.9	5318.9	899.5	48252.0];
Rag7 = [81094.5	397965.5	95943.1	189913.2	54714.1	53272.7	820945.0	1489117.0	76049.7	133271.6	374300.6	943975.9	19880.9	78146.6	369051.2	237573.3	23747.6	262029.2	433661.6	1001859.9	1429.9	15965.9	15016.3	69149.0];
Rag8 = [266994.7	612286.0	587857.0	578527.3	37708.9	192540.2	204166.2	349983.6	4876.1	61548.5	228418.5	54736.7	77599.3	107644.2	159764.8	34644.1	37963.3	15894.1	154566.9	132574.3	5059.9	2870.5	157096.4	98691.8];
Rag9 = [12413.2	10824.3	3444.4	8597.4	703.2	20057.6	82067.7	12291.2	16895.1	22202.2	26330.9	2902.4	63653.7	41884.9	77456.6	6736.4	5400.5	24222.7	35832.7	16875.7	318.0	572.1	996.2	2235.6];

%% RPMI Mice
%Experimental ID F Experiment 2
F = [1918.327	5368.238	14975.54	3805.637	4451.461	17625.02	27372.53	17554.89	250.9739	11183.28	7324	7664.599	1906.456	5972.289	5060.821	11847.68	7574.186	717.4968	1669.183	10734.92	43123.45	2413.856	731.7327	42438.04];
%Experimental ID J Experiment 2
J = [15997.09	3017.408	5034.854	9239.502	2739.726	513.6808	1732.656	1191.046	1036.687	3348.615	1548.505	860.771	7333.507	1555.587	2160.678	3284.401	3297.141	922.8627	4877.168	6981.653	555.0819	763.1017	27997.12	45156.43];
%Experimental ID 3 Experiment 4
M34 = [79325.4	8075.2	12407.7	1621.6	12520.3	14747.8	6971.3	4854.6	2778.3	1358.6	14703.1	5527.3	3123.6	3629.4	5529.5	4353.3	6067.5	2363.5	4163.9	2053.3	5635.2	3689.9	8057.8	12618.4];
%Experimental ID 10 Experiment 4
M10 = [4243310	5552395	4087400	4627846	5546594	17248300	17070900	9188658	3691940	25452820	34302760	23473170	7529109	9002134	4844421	3201581	3572419	5662281	9909828	4986509	1713397	193055.3	593888.8	833192.3];
%Experimental ID 3 Experiment 5
M35 = [32331.17	11941.36	30553.34	23279.64	148774.2	335843	42148.09	38192.13	12640.68	31603.28	103105.3	68400.34	76280.03	174505.1	40626.54	108187.5	23332.35	43019.24	114974.5	98845.32	6164.186	13454.91	26539.47	11808.43];
%Experimental ID 4 Experiment 5
M4 = [6816.114	9865.926	8074.566	2144.396	3790.682	4670.691	287609.7	17519.6	675.1464	2809.901	4721.435	17965.03	10342.02	15399.22	1696.771	16272.53	3538.723	1732.837	4501.902	630.3101	6376.592	79432.82	1688.43	4939.643];
%Experimental ID 7 Experiment 5
M7 = [8176.658	4045.592	11200.34	27846.53	7319.354	3848.755	2961.245	10853.75	13593.43	82828.38	5796.723	14738.95	44362.54	2780.33	11222.72	18019.24	31724.3	4964.867	7930.374	8426.884	40682.51	12424.21	6102.104	2921.042];
%Experimental ID 9 Experiment 5
M9 = [94325.42	62468.18	71573.48	59310.95	74108.88	103655.9	51661.73	193353.3	83582.15	84971.95	27241.44	274852.2	253882.5	50821.75	153677.9	296190.4	44208.68	353988.8	340442.5	128945	28428.64	28618.89	6126.26	7119.881];
%Experimental ID 11 Experiment 5
M11 = [43841.88	29074.17	13066.45	81767.38	119878.5	33898.7	165113.4	100725.1	73412.82	147603.8	58429.43	247062.3	122996.5	214556.3	62988.18	116733.1	114132	179094.4	68986.91	118917.3	35624.51	3932.968	12931.35	70823.13];

%% CD4 Mice
%Experimental ID A Experiment 2
MA = [6242.309	40213.92	31013.05	208242.7	60042.1	98883.61	60476.59	249944.2	10892.03	6057.031	112096.5	35391.51	86337.55	45613.8	46020.12	64171.25	56225.69	20209.33	55936.79	42591.23	88499.5	5941.761	5517.263	139639];
%Experimental ID B Experiment 2
MB = [113652.9	23657.08	7039.903	67137.05	64529.57	131615.3	518365.6	541672.1	1800.071	14785.82	1394753	706560.7	130131.8	23352.05	208169.6	608231.4	106441.2	32235.32	44494.23	94896.09	6424.299	5645.563	27523.34	32097.01];
%Experimental ID 1 Experiment 4
M14 = [18169.2	12718.1	16364.7	34639.3	102337.6	79552.5	115456.1	262826.1	81365.2	110573.1	209569.7	67009.6	66966.9	29948.9	232116.4	766783.9	63812.4	36401	77071.4	56991.7	14903.7	60864.6	8198.5	1496.9];
%Experimental ID 2 Experiment 4
M2 = [44545.2	530171.5	668891.6	2469231	19219.4	571615.5	1491697	725753	42283.1	263689.3	1826778	318708.8	164573.9	91659.4	462878.5	60530.8	7163.7	47056.6	50569.9	38927.7	3931.7	6870.1	23407.3	26510.7];
%Experimental ID 6 Experiment 4
M64 = [598196	1926035	488947.2	173848.7	553694.9	4061678	14662020	3776093	90795.3	3336097	3694323	9669794	293533.2	3504126	10284320	5941550	450755.2	4809105	3664616	1397573	12728.2	49876.7	67301.9	70181.8];
%Experimental ID 8 Experiment 4
M8 = [3137887	6669272	1751551	2126678	6912118	5712355	15197510	17344610	7932178	4256139	80643520	11343150	8134356	6343389	7060130	6448552	3770326	2546905	6616066	6271906	185902.1	74053.5	248866.6	341170.5];
%Experimental ID 1 Experiment 5
M15 = [43606.68	39610.4	5482.782	31639.34	32049.93	33995.91	37138.89	172406.8	28486.92	33673.63	50312.51	12606.38	123821	152871.1	83785.74	27238.4	476785.3	79134.71	36514.55	45777.34	13625.87	20583.27	4612.97	140612.8];
%Experimental ID 6 Experiment 5
M65 = [2260.624	9063.668	3060.94	9444.282	4412.582	3038.998	2265.217	970.2748	7934.078	4313.613	7064.852	1514.515	15138.66	8959.973	9887.268	790.0161	7823.779	2604.275	6803.212	2141.352	4012.497	8171.049	906.79	4226.915];
%Experimental ID 10 Experiment 5
M10 = [34873.48	178186	24155.73	12365.47	15526.27	22582.66	38169.07	6815.063	4903.425	36461.53	36999.52	27371.52	23405.3	130282.7	31532.11	41119.96	22138.27	42285.54	67661.07	53227.32	6173.713	7604.093	31383.42	45624.58];

%% CD8 Mice
%Experimental ID C Experiment 2
MC = [86988.09	2483.024	14647.37	48430.08	10765.91	9871.273	9871.273	28048.61	201290.3	13951.6	42517.28	971090.4	2863766	36039.06	42434.35	179498.3	220141	10395.69	40059.79	52496.26	44046.84	6026.122	2963.452	2269.224];
%Experimental ID I Experiment 2
MI = [1637.44	1071.902	1039.782	1847.272	1918.505	696.3065	3563.663	2304.055	2853.535	674.1523	3040.928	322.5037	2841.976	509.4277	514.2527	1855.882	816.8228	1061.694	1126.813	1587.542	695.0186	215.0774	571.5085	7049.146];
%Experimental ID 4 Experiment 4
M4 = [98782.1	23432.9	547804.1	218793.6	30498.7	42836.4	132063.2	154165	22458.6	30615.8	68735.9	56174.5	13688	30541.9	123152.8	22664.2	166397.5	24192	19657.9	42091.4	4579.2	852.9	6435.1	4415.2];
%Experimental ID 5 Experiment 4
M54 = [181818.8	109668.8	412396.3	157043.2	10899.3	37303.5	52511.8	200723.1	75878.3	25746.7	16414.3	29792	96075.4	242080	28506	33780.8	46730.9	4845.2	19985.8	23996	16646.6	14755.1	4314.1	30883.5];
%Experimental ID 7 Experiment 4
M7 = [867842	552477.6	388486.9	1449490	164748.1	489848.7	374590.3	1272215	65345.5	16331.7	132568.7	218877.4	119276.6	184811.2	1266134	2730995	865704.1	3535952	5601397	4343749	5967.6	10030.2	764994.3	72690];
%Experimental ID 9 Experiment 4
M9 = [46414.6	219530.5	52236.3	128603.4	62248.6	19690.2	22252.3	79189.2	11349.9	14101.1	12007.4	170496.8	55922.1	158562.8	456310.2	499857.7	332860.1	99346.4	216622.8	79926.2	9206.4	12650.2	3191.1	2906.4];
%Experimental ID 2 Experiment 5
M2 = [53771.23	15734.01	12067.08	35575.91	28530.69	12811.91	10118.98	13885.84	7139.758	16043.8	9844.204	6656.57	14711.64	56160.36	132494	48295.63	87786.71	68436.54	36531.82	72108.79	12688.16	14848.2	8130.676	10732.51];
%Experimental ID 5 Experiment 5
