%Sand fly Data

%% RPMI Mice
%Experimental ID F Experiment 2
PreF = [0	0	0	0	0	0	0.0254	0	0	0	0	0	0	0	0	0	0	0.0089	0	0	0	0	0	5.2044	0.006	0	0	0	0	0	0.0094	0	0	0	0	0	0	0	0	0];
PostF = [0	0	0	0	0	0	0	0	0	0	0	0	0.1917	0	0	0	0	0	0.0265	0	0	0.3034	0	0	0	0	0	0	0	0	0	7.113	0	0	0	0	0	0	0	6.349];
%Experimental ID J Experiment 2
PreJ = [0	0	0	0	0	0	0.0899	0	0	0	0	0	0	0	0	0	0	0	0	0	0	0	0	0	0	0	0	0	0	0	0	0	3.4093	0	0	0	0	0	0	0];
PostJ = [2.0842	0	0	0	0	0	41.4374	0	0	0	0	0	0	0.6836	0	0	0	0.541	0	0	0	0	2.6215	0	0	0	0	0	0	0.0198	0	29.5184	0	0	0	0	0	0	0	0];
%Experimental ID 3 Experiment 4
Pre34 = [0	0.6	0	0.4	0	0	0	5.8	0	0	0	0	0	0	0	0	0	0.1	0	0	0	0	0	0	0	0	0	0	0	0	0	0	0	0	0	0	0	36.4	0	0];
Post34 = [1	0.4	25.5	0.3	33.9	0.9	0.4	0.3	14.6	0.1	0.1	0.3	0	0.8	0.1	4460.3	0.8	0.1	0.1	0.7	0.2	0.1	0.1	70.1	0.1	0.5	528.8	9.1	0.2	0.4	0	0	0.3	1.5	0	6.5	0.1	1.5	0.3	0.2];
%Experimental ID 10 Experiment 4
Pre10 = [45917.9	30642.6	3.4	39.8	203.7	4395.4	3471.5	16373.9	16270.9	23.2	7529	21822	1772	105894.9	8905	155.5	161.4	117	1.7	13632.7	57148.3	9698.5	9941.3	2118.8	60.9	59572	0.1	886.4	162	1143.7	4831.8	4164.2	46721.5	20933.6	575.1	1.3	198.9	4753.2	269.4	16621.4];
Post10 = [16948.1	201229.3	56581.7	112934.9	17244.1	71996.4	84816.5	197454.1	58578.8	0	105377.5	2719.7	6702.3	20780.8	334.7	77717.5	219061.9	90332.4	173098.7	41.3	97045.4	99730.3	124903.2	87495.9	5	19.5	34.7	59999.6	29938.8	27444.7	47092.1	3952.7	104650	150732	171.7	0	61254.3	177648.8	43357.5	29698.6];
%Experimental ID 3 Experiment 5
Pre35 = [1394.6	23.4	16.8	459.2	127.3	3	0.7	0.1	1652.1	0.1	5.6	0.2	1.2	0	0.1	0.1	0.2	284.4	264.9	0.2	1	36.5	0.9	2.3	0.3	72.3	0.1	10.8	1.7	0.8	0.2	0	3.8	11.6	2507.7	7.3	17.8	70.9	15.7	54.2];
Post35 = [74176.4	0.8	0.3	2191.4	562.1	4431.3	0.2	5.8	138.3	9.4	11491.5	1	10.4	1.8	1422	0.5	624.6	2.2	0.1	1918.5	2.8	2840.7	4.9	13.7	22.5	127.8	0	483.7	0	0	1.3	0	403.8	2.1	0	90.4	4	0.3	0.6	5.3];
%Experimental ID 4 Experiment 5
Pre4 = [13.3	36.2	2.5	145	6.7	5.3	35.9	1.5	14.7	35.8	46.2	15.9	231	1.4	10	776.8	6.6	11.8	4	129.2	19.4	13.3	7.8	23.9	31.7	56.5	87	138.7	3.2	139.6	6.2	28.8	91.4	25.9	25.5	2.1	5.7	6.6	919.7	52.2];
Post4 = [0.8	1682.6	0	0	322.3	0	188.8	0.1	0.3	911.5	0	0	0	0.3	0.4	4838.1	0.6	0	0	0	0	4.9	0.1	0	0.4	0	0.3	0	0	0.1	0	0	153.4	0	0	0	0	0	0.2	2.5];
%Experimental ID 7 Experiment 5
Pre7 = [0.2	19.9	3.5	0.2	0.8	17.7	105.2	86	117	0.6	86.4	3	20.9	6.2	0	15.1	34.1	3.3	0.3	0	0.8	2	1.4	1.7	8.1	38.8	156.7	0	0.5	0	8.7	1.2	10.2	10.1	0	0.6	0	8.8	0	0];
Post7 = [0.1	6.2	48.7	0.1	3599.4	13.5	0	0	1.1	0	1.2	0	0	0	0.2	0	0	0	0	0	0	0	0	0.3	0	0	1638.6	80.9	0	0.5	0	0	0.2	0	1.3	0	0	0	2	0];
%Experimental ID 9 Experiment 5
Pre9 = [66.1	595.8	6.9	129.4	11.4	1.6	50.9	107.9	19.4	339.3	10	19.9	12.6	11.4	19.9	133.3	52.6	20.2	28.5	5.8	550.1	1675.3	22.3	112.7	382	1302.6	5.3	6.9	4414.4	10	2.4	28.8	503.5	387.7	3	15.9	2003.7	25.3	59.3	319];
Post9 = [0	431.8	29.3	5762.4	0	0.2	513.4	0.8	0.1	0	217	39.5	83.3	284.2	79.4	0	0	339.7	0.2	1.1	1549.5	0.2	0.3	117.9	3.2	288.8	0.6	0.7	207.4	0.1	2.2	210.9	0.3	0	141.3	2.4	63.2	79.4	29.4	0.2];
%Experimental ID 11 Experiment 5
Pre11 = [93.2	14.5	1580.5	710	55.2	1267.4	19.3	29.5	148.7	75.8	66.5	72.1	602.6	13	7.5	259.4	5103.3	2.9	273.8	1265.1	1084.2	748.5	3.9	6.1	8.9	52.6	22.2	849.8	6303.9	105.8	405.3	2809.8	9.5	18.5	4.9	15.4	5.4	1034.1	7.8	652.5];
Post11 = [0.5	0.9	125.4	789.6	682.5	1378.6	44.2	508.9	7.2	16.9	573.6	31.9	55.5	8.1	738.5	0.6	27265.5	2.8	2429.9	104.3	1565.9	4.8	509.3	33.5	6291.7	5.1	586.1	11.2	2825.6	13	0.1	13644.3	5	0.2	0	0.9	1.3	886.5	4.6	2809.3];

%% CD4 Mice
%Experimental ID A Experiment 2
PreA = [27.1983	0.1372	0.0722	0.311	0.0185	0.1038	0	0.0115	2.5457	0	0	0.0676	0.0383	0	0.0293	0	0.0557	0	0.0216	0.4142	0.0604	7.8228	0	0	0.0611	0.0848	0.0205	0.0065	0.1266	0.0255	0.1392	0.0452	0.0358	0	352.9986	0.0434	395.6194	0.1813	0.4578	0.0797];
PostA = [2330.658	0.211676	0.012102	1.382218	0.270469	496.018	0.129177	9216.162	14183.15	594.3729	0.972096	108.5778	24313.63	1.979764	6015.981	0.23771	3.772378	3.264987	7.608706	39334.38	39.58626	4877.153	18.16791	0.088745	210.875	0.661749	1774.815	136537	0.139089	52032.7	1.851245	0.431662	0.135417	192.2832	551.4379	0.583188	267.3093	328.6461	0.177631	13412.1];
%Experimental ID B Experiment 2
PreB = [0	0	0.1416	0	0	0	0	8.8597	0	0	0	0	0	0	9.8638	95.5238	0.0069	265.0301	0	78.2494	0	0	0	0	0	0	0	0	0	0	0	0	0	0	0	0	0	0	0	0];
PostB = [0.0078	95.0941	0.0356	108.6664	0.0833	0	0.0333	0.0572	0	0.1846	69.317	0.0142	475.459	0.114	0.2222	0.1291	0.0523	136.3398	0	0.0821	518.3716	0.0084	0.2384	0.1386	0.3097	4.348	186.5302	0	65207.98	556.7891	116.8306	0.0101	1.2092	229.806	0.0399	1554.047	0	0	1.3197	86.1103];
%Experimental ID 1 Experiment 4
Pre14 = [1.4	1.7	0.3	232.7	380	0.1	1096.3	1112.8	5.1	0.1	1319.7	19107.4	0.8	1.2	2617.6	0.2	1.3	9.1	0.8	0.1	0	684.4	308.5	1.7	0	3151.7	0.1	0.2	127.6	0	0.1	0.7	0	11747.5	2.1	3993.1	2.6	0.5	0.8	0.4];
Post14 = [20.6	0.8	190.3	269.9	0	3.2	0.3	0	0.4	83.9	29.9	0.6	31.2	2.4	0	2.7	448.6	5.3	120.7	205.1	0	180.7	0.7	0	0	93.9	0	0	0	84.1	63.9	0	0	0.6	100.5	16.6	0	10.8	1.8	613.3];
%Experimental ID 2 Experiment 4
Pre2 = [0	0.4	1.2	0.1	0	0	0	1	37.3	0.1	400.1	0	0	0	0	0	4395.1	0	0.1	0	0	0	0	0	0	6.2	0.1	0	0.3	3.5	0	0	0	0.1	0	0.6	0	0.1	0	3330.3];
Post2 = [3.5	1.3	0.4	99.3	0.1	2.9	3.3	2191.4	14.4	0.7	0.3	4.1	0.1	0.2	330.7	2.6	1.8	0.3	0.2	0.1	0.7	0.2	0.2	0	3.7	1.7	9	7.2	1	1.6	0.2	1	3055.3	522.4	0.2	0.4	1.6	25559.2	0.4	0.4];
%Experimental ID 6 Experiment 4
Pre64 = [7477.4	14329	6075.6	1.7	187.1	7487.5	20163.4	0.4	26311.9	9.9	1.4	17999.6	1285.4	107.9	15895.1	15150.7	1.7	2449	18093.9	17692.7	12182.9	19800.4	6272.9	22233.9	8125.6	9961.6	22065.3	22622.6	3286.7	27884.8	63332.6	13730.3	9791.7	678	10504.9	2622.6	3201.1	1.6	8167.8	840.4];
Post64 = [3546.9	62531.9	10708.5	20164.9	15823.2	30946.8	43496	673.7	2359.5	16694	2.1	2061.7	0.7	2907.7	31219.4	38228.3	60933.9	3.9	3.5	3798.3	4	42926.6	42	79377.3	9.3	36725.8	33753.8	55109.4	18997.8	26817.2	37516.3	7567.2	55.9	33335.7	15379.3	34329	25426.8	35.1	77003.3	18.2];
%Experimental ID 8 Experiment 4
Pre8 = [685.9	192.5	13783.4	4162.7	8695.3	19029.3	48.2	10060.3	3123.3	6614.5	188.6	78.1	228.3	0	14.6	0.9	9008.1	2183.3	8739.7	2184.3	341	852.5	2.5	26812	16293.6	3410.1	16014.4	13022.2	1950.5	20.6	1508.5	1780.1	46395.4	7452.9	35	235.8	245.9	7176.8	7467.9	1558.5];
Post8 = [88906	19149.5	18599.4	9562.3	14940.8	36613.4	20706.3	9008.5	10162.4	34724.1	0.5	12324.1	31943.8	8432.6	22005.8	34875.9	5.2	3496.7	1021.9	30555.2	3.4	9530.1	175.9	10234.8	15064.4	2524.2	4107.9	5326.5	37661.2	10965.5	485.7	24218.8	5724.7	27079.4	3414.6	10154.8	84.5	17578.7	16548.6	38973.2];
%Experimental ID 1 Experiment 5
Pre15 = [676.4	4.5	1.8	3.8	615.4	131.6	1.5	30.6	1.8	1	1.5	5.7	113.9	6.3	171.3	9	239	0	5.3	0.1	0.9	515.6	4.8	8.6	63.6	136	0.6	36.1	8.3	1.3	0.2	4.9	6.1	30.2	82.4	27.8	25.1	0.2	50	127.1];
Post15 = [1.4	17	106.7	1935.1	1440.5	4.2	0.9	0.5	0.9	1.5	2.8	0.2	4506	0.1	699	3	0.3	0.1	29.8	0	14	12.5	0.1	0.6	0.4	851.1	77.1	28.9	2280.2	44.5	545.4	0.3	0.1	6.1	2.5	190.8	0	0	0	0.2];
%Experimental ID 6 Experiment 5
Pre65 = [222.2	16.7	10.2	26.5	16.4	14.7	440.4	23.2	6.1	3.9	1.7	0.3	0.7	0.1	0.6	0.8	5.1	14.9	0	0.3	0.4	5.1	1.1	0.3	0.2	0.6	0.1	4.6	0.1	0	0	0.1	0	1	0	0	14.5	0.2	0.1	1.1];
Post65 = [616	381.5	0	0.3	1.1	1	0	26.8	0.1	0.2	0	1.1	0.1	0	0.4	0	0	294	0	0	1.9	0	0	0.6	0	57.3	0	0.3	0	0	0	0.3	3145.1	31.5	0	0	0	0	0.9	0];
%Experimental ID 10 Experiment 5
Pre10 = [18.3	11.1	134.4	8.9	6.8	16.6	23.2	12.4	5.9	74.7	15.5	19	13.8	9.7	18.2	5.7	13	3.6	26	11.2	6.4	6	8.1	7.8	32.2	48	29.2	32.5	90	6.5	3.8	4.9	4.3	20.3	6.7	7.3	12.4	10.9	4.5	9.2];
Post10 = [0.1	0.3	5.9	2.9	0.1	2.4	10.8	0.1	19.3	0.8	1.4	0.1	0	0	89.2	0.1	1.6	0.1	0.1	0.1	0.1	0	23.7	0	0.1	0.3	0.4	0.1	0	0	0	0.1	5161.1	0.2	0.2	0	0	0.1	1124.5	0.3];

%% CD8 Mice
%Experimental ID C Experiment 2
PreC = [0	0	0.0029	0.0247	0	1.8955	0	0.19	0	0	0.0116	0	0	173.9457	0	0	0	0	0.0143	0	0	0.0013	0.0369	0	0	0.0988	0.0002	0	0	0	0	0	0	0	0.0005	0	0	0	0	0];
